INSERT INTO film_features
VALUES
(1,1),
(1,2),
(2,3),
(2,1),
(3,3),
(3,1),
(4,4),
(4,2),
(5,1),
(6,1),
(7,3),
(7,1),
(8,3),
(9,3),
(9,1),
(10,3),
(10,1),
(11,4),
(11,2),
(12,4),
(12,1),
(13,1),
(13,2),
(14,3),
(14,1),
(14,2),
(15,3),
(15,4),
(15,2),
(16,3),
(16,4),
(17,3),
(17,2),
(18,3),
(18,2),
(19,4),
(19,1),
(19,2),
(20,4),
(20,1),
(20,2),
(21,4),
(21,2),
(22,4),
(22,2),
(23,3),
(23,1),
(24,3),
(24,2),
(25,3),
(26,4),
(26,1),
(27,1),
(27,2),
(28,1),
(28,2),
(29,3),
(29,4),
(29,1),
(30,3),
(30,1),
(30,2),
(31,4),
(31,1),
(31,2),
(32,3),
(32,4),
(33,3),
(33,4),
(33,1),
(33,2),
(34,4),
(34,1),
(35,3),
(35,1),
(35,2),
(36,3),
(36,4),
(37,3),
(37,1),
(38,3),
(38,4),
(38,1),
(38,2),
(39,3),
(40,3),
(40,4),
(41,3),
(41,1),
(41,2),
(42,3),
(42,2),
(43,2),
(44,3),
(44,2),
(45,3),
(45,2),
(46,3),
(46,4),
(46,1),
(46,2),
(47,4),
(48,3),
(48,2),
(49,3),
(49,4),
(49,2),
(50,4),
(50,2),
(51,1),
(52,4),
(52,1),
(53,4),
(53,1),
(53,2),
(54,3),
(54,4),
(54,1),
(55,2),
(56,3),
(56,4),
(57,1),
(58,1),
(58,2),
(59,1),
(60,1),
(60,2),
(61,3),
(61,4),
(62,3),
(62,4),
(62,1),
(63,3),
(63,1),
(63,2),
(64,4),
(64,2),
(65,3),
(65,1),
(65,2),
(66,4),
(66,1),
(67,1),
(68,4),
(68,1),
(68,2),
(69,3),
(70,4),
(70,1),
(71,4),
(71,1),
(71,2),
(72,3),
(72,4),
(73,3),
(73,4),
(74,3),
(74,4),
(74,1),
(75,4),
(75,2),
(76,4),
(76,1),
(76,2),
(77,3),
(77,2),
(78,3),
(78,1),
(79,3),
(79,2),
(80,3),
(81,3),
(81,2),
(82,3),
(82,4),
(82,2),
(83,3),
(83,1),
(83,2),
(84,3),
(84,4),
(85,1),
(86,4),
(86,2),
(87,2),
(88,3),
(88,4),
(88,1),
(89,4),
(89,1),
(89,2),
(90,3),
(91,2),
(92,3),
(92,1),
(93,3),
(94,3),
(94,1),
(95,3),
(95,4),
(95,1),
(96,3),
(96,4),
(97,3),
(97,4),
(97,2),
(98,3),
(99,3),
(100,4),
(101,2),
(102,3),
(102,4),
(102,1),
(102,2),
(103,4),
(103,1),
(104,4),
(105,1),
(106,3),
(107,2),
(108,3),
(108,4),
(108,1),
(109,2),
(110,4),
(110,1),
(111,4),
(111,1),
(112,3),
(112,4),
(112,2),
(113,3),
(113,4),
(113,1),
(114,3),
(114,4),
(114,1),
(114,2),
(115,2),
(116,1),
(116,2),
(117,3),
(117,1),
(118,3),
(118,1),
(119,3),
(119,4),
(119,1),
(120,4),
(120,1),
(121,3),
(121,2),
(122,3),
(122,4),
(122,2),
(123,3),
(123,1),
(123,2),
(124,3),
(125,4),
(125,2),
(126,3),
(127,4),
(127,1),
(128,3),
(128,2),
(129,4),
(129,1),
(129,2),
(130,1),
(130,2),
(131,1),
(132,1),
(132,2),
(133,3),
(134,3),
(135,4),
(135,1),
(135,2),
(136,2),
(137,3),
(137,1),
(137,2),
(138,1),
(138,2),
(139,3),
(139,4),
(140,3),
(140,4),
(140,2),
(141,1),
(141,2),
(142,3),
(142,4),
(142,1),
(142,2),
(143,3),
(143,4),
(143,1),
(144,3),
(144,4),
(144,1),
(145,3),
(145,4),
(145,2),
(146,4),
(147,4),
(147,2),
(148,3),
(148,4),
(148,2),
(149,3),
(149,4),
(149,2),
(150,2),
(151,1),
(152,3),
(152,1),
(152,2),
(153,4),
(153,1),
(154,4),
(154,1),
(155,3),
(155,1),
(155,2),
(156,4),
(157,3),
(157,4),
(157,1),
(157,2),
(158,2),
(159,3),
(159,2),
(160,3),
(160,1),
(161,3),
(161,4),
(161,2),
(162,3),
(162,1),
(162,2),
(163,4),
(163,1),
(163,2),
(164,3),
(164,4),
(164,1),
(164,2),
(165,3),
(165,1),
(166,4),
(166,2),
(167,4),
(168,3),
(168,2),
(169,4),
(169,2),
(170,2),
(171,3),
(171,4),
(171,1),
(172,1),
(172,2),
(173,2),
(174,4),
(175,3),
(175,4),
(175,1),
(175,2),
(176,4),
(176,2),
(177,4),
(177,1),
(178,1),
(178,2),
(179,4),
(179,1),
(179,2),
(180,3),
(180,4),
(181,4),
(182,4),
(183,4),
(184,1),
(185,4),
(185,1),
(185,2),
(186,1),
(186,2),
(187,4),
(188,4),
(188,1),
(189,3),
(189,1),
(190,3),
(190,2),
(191,4),
(191,1),
(191,2),
(192,4),
(192,1),
(192,2),
(193,3),
(193,4),
(193,2),
(194,3),
(194,4),
(194,2),
(195,3),
(195,2),
(196,1),
(196,2),
(197,4),
(198,3),
(198,4),
(199,2),
(200,3),
(200,4),
(200,1),
(200,2),
(201,3),
(201,1),
(202,1),
(202,2),
(203,3),
(203,4),
(203,2),
(204,3),
(204,4),
(204,1),
(205,3),
(205,4),
(205,1),
(205,2),
(206,4),
(206,2),
(207,4),
(208,4),
(208,2),
(209,1),
(209,2),
(210,3),
(210,4),
(210,1),
(210,2),
(211,4),
(211,2),
(212,1),
(213,4),
(214,3),
(215,3),
(215,1),
(215,2),
(216,3),
(216,4),
(216,1),
(216,2),
(217,4),
(217,1),
(218,3),
(218,4),
(218,1),
(218,2),
(219,4),
(219,2),
(220,1),
(221,1),
(222,3),
(222,2),
(223,1),
(224,1),
(225,3),
(225,4),
(225,2),
(226,3),
(226,4),
(226,2),
(227,4),
(227,1),
(228,3),
(228,4),
(228,2),
(229,3),
(229,2),
(230,4),
(230,2),
(231,3),
(231,2),
(232,4),
(232,1),
(232,2),
(233,3),
(233,1),
(233,2),
(234,3),
(234,2),
(235,3),
(235,4),
(236,3),
(236,4),
(237,3),
(237,4),
(237,1),
(238,3),
(238,4),
(238,2),
(239,4),
(240,4),
(240,1),
(241,3),
(241,4),
(241,2),
(242,3),
(242,4),
(243,3),
(243,4),
(243,1),
(243,2),
(244,4),
(245,3),
(245,1),
(245,2),
(246,1),
(246,2),
(247,3),
(247,4),
(247,1),
(248,4),
(248,1),
(248,2),
(249,4),
(250,1),
(250,2),
(251,3),
(251,2),
(252,3),
(252,4),
(252,2),
(253,3),
(253,2),
(254,3),
(254,1),
(254,2),
(255,3),
(255,1),
(256,3),
(256,4),
(257,4),
(257,1),
(257,2),
(258,3),
(259,2),
(260,3),
(260,1),
(261,4),
(262,2),
(263,3),
(263,4),
(264,4),
(264,1),
(265,2),
(266,1),
(267,3),
(267,4),
(267,2),
(268,3),
(268,4),
(268,2),
(269,2),
(270,3),
(270,4),
(270,1),
(271,3),
(271,4),
(271,2),
(272,1),
(273,4),
(274,4),
(274,2),
(275,4),
(275,1),
(275,2),
(276,4),
(276,2),
(277,2),
(278,3),
(278,4),
(278,2),
(279,3),
(279,1),
(279,2),
(280,1),
(281,3),
(281,2),
(282,3),
(283,4),
(283,2),
(284,3),
(285,1),
(286,4),
(287,4),
(287,1),
(287,2),
(288,3),
(289,3),
(289,4),
(289,1),
(290,3),
(290,4),
(291,2),
(292,4),
(293,4),
(293,1),
(293,2),
(294,1),
(295,3),
(295,2),
(296,3),
(297,3),
(297,4),
(297,1),
(298,3),
(298,4),
(299,3),
(299,4),
(299,1),
(300,4),
(300,2),
(301,3),
(302,4),
(303,2),
(304,1),
(305,3),
(305,2),
(306,3),
(306,1),
(307,1),
(307,2),
(308,3),
(308,1),
(308,2),
(309,3),
(309,4),
(309,1),
(309,2),
(310,4),
(310,1),
(311,3),
(311,4),
(311,1),
(311,2),
(312,1),
(312,2),
(313,3),
(313,1),
(313,2),
(314,3),
(314,4),
(314,1),
(314,2),
(315,3),
(315,4),
(316,3),
(317,3),
(317,4),
(317,2),
(318,4),
(318,1),
(319,3),
(319,1),
(319,2),
(320,3),
(321,3),
(321,4),
(321,2),
(322,3),
(322,4),
(322,1),
(323,3),
(324,3),
(324,4),
(324,1),
(324,2),
(325,3),
(325,4),
(325,2),
(326,3),
(326,4),
(326,2),
(327,3),
(327,4),
(328,4),
(328,1),
(328,2),
(329,4),
(330,3),
(330,2),
(331,3),
(331,4),
(331,2),
(332,1),
(332,2),
(333,3),
(333,2),
(334,3),
(334,4),
(334,2),
(335,3),
(335,4),
(335,2),
(336,2),
(337,3),
(337,1),
(338,4),
(338,1),
(338,2),
(339,3),
(339,1),
(339,2),
(340,4),
(340,1),
(341,3),
(341,1),
(342,3),
(342,4),
(342,1),
(343,3),
(343,1),
(344,1),
(345,3),
(345,4),
(346,1),
(347,2),
(348,3),
(349,2),
(350,3),
(350,2),
(351,3),
(351,1),
(352,4),
(352,2),
(353,4),
(353,1),
(354,3),
(354,4),
(354,1),
(354,2),
(355,3),
(355,1),
(355,2),
(356,3),
(356,4),
(357,3),
(357,4),
(358,3),
(358,2),
(359,4),
(359,1),
(360,3),
(361,3),
(361,4),
(362,3),
(362,4),
(362,2),
(363,3),
(364,3),
(365,3),
(365,4),
(365,1),
(365,2),
(366,3),
(366,4),
(366,2),
(367,3),
(367,2),
(368,1),
(368,2),
(369,1),
(370,1),
(370,2),
(371,4),
(372,3),
(372,4),
(373,3),
(373,2),
(374,3),
(374,1),
(375,4),
(375,1),
(375,2),
(376,4),
(376,2),
(377,3),
(377,1),
(378,3),
(378,4),
(378,2),
(379,3),
(379,4),
(379,1),
(380,3),
(380,1),
(381,3),
(382,3),
(382,1),
(383,2),
(384,2),
(385,3),
(385,4),
(385,1),
(385,2),
(386,1),
(387,2),
(388,1),
(388,2),
(389,3),
(389,4),
(390,3),
(390,4),
(390,2),
(391,3),
(391,4),
(391,1),
(391,2),
(392,4),
(392,2),
(393,1),
(394,3),
(394,1),
(395,4),
(395,1),
(395,2),
(396,3),
(396,4),
(396,1),
(397,3),
(397,4),
(397,1),
(398,4),
(398,1),
(398,2),
(399,1),
(400,3),
(400,2),
(401,4),
(401,1),
(401,2),
(402,3),
(403,4),
(403,1),
(404,3),
(404,4),
(404,2),
(405,3),
(405,1),
(406,2),
(407,2),
(408,3),
(408,4),
(409,3),
(409,1),
(410,4),
(411,2),
(412,1),
(413,3),
(413,4),
(413,2),
(414,1),
(414,2),
(415,3),
(415,4),
(415,2),
(416,1),
(417,3),
(417,4),
(417,1),
(417,2),
(418,4),
(419,3),
(419,1),
(419,2),
(420,4),
(420,2),
(421,3),
(421,4),
(421,2),
(422,2),
(423,3),
(423,2),
(424,1),
(425,2),
(426,3),
(426,4),
(426,2),
(427,3),
(428,4),
(429,3),
(429,4),
(429,1),
(430,3),
(430,4),
(430,2),
(431,3),
(431,4),
(431,1),
(432,3),
(432,1),
(432,2),
(433,3),
(434,1),
(434,2),
(435,2),
(436,3),
(436,1),
(437,4),
(437,1),
(437,2),
(438,3),
(438,2),
(439,3),
(439,1),
(440,1),
(440,2),
(441,4),
(441,1),
(441,2),
(442,3),
(442,1),
(443,3),
(443,4),
(443,2),
(444,3),
(444,4),
(444,2),
(445,3),
(445,1),
(446,3),
(446,4),
(446,1),
(447,1),
(448,3),
(448,4),
(448,1),
(448,2),
(449,1),
(450,3),
(451,3),
(451,2),
(452,4),
(452,2),
(453,3),
(453,4),
(453,1),
(454,3),
(454,1),
(455,1),
(456,1),
(457,3),
(457,2),
(458,3),
(458,4),
(458,1),
(458,2),
(459,3),
(459,4),
(460,3),
(460,1),
(460,2),
(461,3),
(461,4),
(461,2),
(462,4),
(463,4),
(463,1),
(464,3),
(464,2),
(465,4),
(465,2),
(466,4),
(466,2),
(467,1),
(468,3),
(468,1),
(469,4),
(469,2),
(470,3),
(470,4),
(470,1),
(471,3),
(471,4),
(472,3),
(472,4),
(472,1),
(473,3),
(473,1),
(473,2),
(474,3),
(474,4),
(474,2),
(475,1),
(476,3),
(476,1),
(476,2),
(477,3),
(477,2),
(478,1),
(479,3),
(479,4),
(479,1),
(480,3),
(480,4),
(480,1),
(481,4),
(481,1),
(481,2),
(482,3),
(482,4),
(483,4),
(484,3),
(484,4),
(484,1),
(484,2),
(485,1),
(485,2),
(486,3),
(486,4),
(486,2),
(487,3),
(487,4),
(488,3),
(488,4),
(488,2),
(489,3),
(489,4),
(490,4),
(490,2),
(491,4),
(491,2),
(492,3),
(492,4),
(492,1),
(493,3),
(493,4),
(494,2),
(495,3),
(495,4),
(495,1),
(495,2),
(496,3),
(496,4),
(496,1),
(497,3),
(497,4),
(498,3),
(498,4),
(498,1),
(499,3),
(499,1),
(499,2),
(500,3),
(500,4),
(500,2),
(501,3),
(502,3),
(503,3),
(504,3),
(504,4),
(505,4),
(505,2),
(506,3),
(506,1),
(506,2),
(507,1),
(508,3),
(508,2),
(509,3),
(509,1),
(510,1),
(510,2),
(511,4),
(511,1),
(511,2),
(512,3),
(513,3),
(513,4),
(513,2),
(514,4),
(514,1),
(515,3),
(515,4),
(515,2),
(516,4),
(516,1),
(517,1),
(517,2),
(518,4),
(518,2),
(519,4),
(519,1),
(519,2),
(520,1),
(520,2),
(521,4),
(521,1),
(521,2),
(522,4),
(522,1),
(523,4),
(524,3),
(524,1),
(525,1),
(526,3),
(526,4),
(527,3),
(527,4),
(528,3),
(528,1),
(529,3),
(529,4),
(529,1),
(529,2),
(530,3),
(531,3),
(531,4),
(532,1),
(532,2),
(533,1),
(534,3),
(535,3),
(535,2),
(536,3),
(536,2),
(537,3),
(538,3),
(538,2),
(539,3),
(539,4),
(539,2),
(540,3),
(540,4),
(540,2),
(541,3),
(541,2),
(542,3),
(542,4),
(542,2),
(543,1),
(543,2),
(544,4),
(544,1),
(544,2),
(545,3),
(546,3),
(546,4),
(546,1),
(547,3),
(547,4),
(548,4),
(548,1),
(549,3),
(549,4),
(549,1),
(550,3),
(550,4),
(551,2),
(552,3),
(553,1),
(553,2),
(554,2),
(555,3),
(555,4),
(555,1),
(556,2),
(557,3),
(557,4),
(558,3),
(558,4),
(558,1),
(559,2),
(560,4),
(560,1),
(561,4),
(561,1),
(562,4),
(562,2),
(563,4),
(564,4),
(564,2),
(565,4),
(565,1),
(565,2),
(566,3),
(566,2),
(567,3),
(568,2),
(569,3),
(569,4),
(569,1),
(570,3),
(570,2),
(571,3),
(571,4),
(571,1),
(572,3),
(572,4),
(572,2),
(573,4),
(574,3),
(574,1),
(575,3),
(575,1),
(576,2),
(577,1),
(577,2),
(578,1),
(579,1),
(579,2),
(580,3),
(580,1),
(581,3),
(582,3),
(582,1),
(583,2),
(584,2),
(585,3),
(586,2),
(587,4),
(587,2),
(588,3),
(588,4),
(588,2),
(589,3),
(589,4),
(589,1),
(590,3),
(590,4),
(591,4),
(591,2),
(592,4),
(592,2),
(593,3),
(593,4),
(594,3),
(595,1),
(595,2),
(596,2),
(597,3),
(597,1),
(598,3),
(599,3),
(599,4),
(600,3),
(600,4),
(600,2),
(601,3),
(602,3),
(602,4),
(602,1),
(602,2),
(603,4),
(603,1),
(603,2),
(604,2),
(605,3),
(605,1),
(605,2),
(606,3),
(606,2),
(607,3),
(607,1),
(608,3),
(608,1),
(608,2),
(609,1),
(610,3),
(610,4),
(610,2),
(611,1),
(611,2),
(612,1),
(612,2),
(613,4),
(613,2),
(614,3),
(614,4),
(614,2),
(615,4),
(615,2),
(616,3),
(617,4),
(617,1),
(618,3),
(618,4),
(618,2),
(619,3),
(619,4),
(619,1),
(620,3),
(621,4),
(621,1),
(621,2),
(622,3),
(622,1),
(623,3),
(623,4),
(623,1),
(623,2),
(624,3),
(624,1),
(624,2),
(625,3),
(625,4),
(626,2),
(627,4),
(627,1),
(627,2),
(628,3),
(629,3),
(629,4),
(629,1),
(630,3),
(630,4),
(631,3),
(631,4),
(631,1),
(632,3),
(632,2),
(633,3),
(633,4),
(633,2),
(634,3),
(634,4),
(634,2),
(635,2),
(636,4),
(636,1),
(637,3),
(637,4),
(638,3),
(638,4),
(638,1),
(638,2),
(639,1),
(640,4),
(640,1),
(641,3),
(641,4),
(642,1),
(642,2),
(643,4),
(643,1),
(644,2),
(645,1),
(646,3),
(646,1),
(646,2),
(647,3),
(647,1),
(648,3),
(648,4),
(649,4),
(649,1),
(649,2),
(650,3),
(650,4),
(650,1),
(650,2),
(651,3),
(652,3),
(652,1),
(653,4),
(653,1),
(654,3),
(654,4),
(654,1),
(654,2),
(655,1),
(655,2),
(656,3),
(656,1),
(656,2),
(657,4),
(657,1),
(657,2),
(658,3),
(658,4),
(658,1),
(658,2),
(659,3),
(659,1),
(660,3),
(660,2),
(661,3),
(661,1),
(661,2),
(662,3),
(662,2),
(663,3),
(663,4),
(664,3),
(664,1),
(665,4),
(666,4),
(666,1),
(667,4),
(667,2),
(668,3),
(668,4),
(668,1),
(668,2),
(669,3),
(670,4),
(670,1),
(671,3),
(671,2),
(672,4),
(672,1),
(672,2),
(673,1),
(673,2),
(674,3),
(674,4),
(675,4),
(675,2),
(676,3),
(676,4),
(676,1),
(677,3),
(677,4),
(677,1),
(678,3),
(678,4),
(678,1),
(678,2),
(679,3),
(679,1),
(680,4),
(680,2),
(681,4),
(681,1),
(682,3),
(682,1),
(682,2),
(683,4),
(684,4),
(685,3),
(685,4),
(686,2),
(687,4),
(687,1),
(687,2),
(688,3),
(688,4),
(688,1),
(688,2),
(689,4),
(690,3),
(690,4),
(690,2),
(691,4),
(692,2),
(693,3),
(693,4),
(694,3),
(694,4),
(694,1),
(695,2),
(696,1),
(697,3),
(697,1),
(697,2),
(698,3),
(698,1),
(699,3),
(700,3),
(700,1),
(701,2),
(702,3),
(702,2),
(703,3),
(703,4),
(703,1),
(704,3),
(704,1),
(705,4),
(705,1),
(706,4),
(706,1),
(706,2),
(707,2),
(708,3),
(708,2),
(709,3),
(709,4),
(709,1),
(710,3),
(710,2),
(711,4),
(711,1),
(712,1),
(713,3),
(713,4),
(713,1),
(713,2),
(714,3),
(715,3),
(715,4),
(715,1),
(716,3),
(716,4),
(717,3),
(717,4),
(717,1),
(718,3),
(718,2),
(719,2),
(720,3),
(720,1),
(720,2),
(721,3),
(721,2),
(722,2),
(723,1),
(723,2),
(724,3),
(724,4),
(725,3),
(725,4),
(725,2),
(726,4),
(727,3),
(727,1),
(728,4),
(729,4),
(729,2),
(730,4),
(730,1),
(730,2),
(731,3),
(731,4),
(731,1),
(732,3),
(732,4),
(732,2),
(733,4),
(734,2),
(735,4),
(736,3),
(737,3),
(737,4),
(737,1),
(737,2),
(738,1),
(738,2),
(739,3),
(739,4),
(739,2),
(740,3),
(740,4),
(740,1),
(741,3),
(742,1),
(742,2),
(743,3),
(743,1),
(743,2),
(744,4),
(744,1),
(744,2),
(745,4),
(745,1),
(745,2),
(746,4),
(746,1),
(746,2),
(747,1),
(747,2),
(748,3),
(748,4),
(748,1),
(748,2),
(749,1),
(749,2),
(750,4),
(750,1),
(750,2),
(751,4),
(752,4),
(752,1),
(752,2),
(753,1),
(754,3),
(754,4),
(754,1),
(755,3),
(755,2),
(756,3),
(756,1),
(757,3),
(758,1),
(759,3),
(759,4),
(759,1),
(759,2),
(760,4),
(761,4),
(761,2),
(762,1),
(762,2),
(763,4),
(763,1),
(763,2),
(764,4),
(764,1),
(765,3),
(765,4),
(765,1),
(765,2),
(766,4),
(766,1),
(766,2),
(767,4),
(767,2),
(768,4),
(768,1),
(769,3),
(770,4),
(770,1),
(770,2),
(771,4),
(771,1),
(772,1),
(773,4),
(773,1),
(773,2),
(774,3),
(774,4),
(774,1),
(774,2),
(775,3),
(776,4),
(776,1),
(777,4),
(777,2),
(778,3),
(778,4),
(779,1),
(779,2),
(780,2),
(781,1),
(782,4),
(782,2),
(783,4),
(783,1),
(784,4),
(784,1),
(784,2),
(785,4),
(785,1),
(786,1),
(787,3),
(787,4),
(787,1),
(787,2),
(788,4),
(789,3),
(789,4),
(789,2),
(790,3),
(791,1),
(792,4),
(793,3),
(793,1),
(793,2),
(794,1),
(794,2),
(795,3),
(795,1),
(796,4),
(796,1),
(797,3),
(797,1),
(797,2),
(798,3),
(798,4),
(799,3),
(799,4),
(800,3),
(800,4),
(800,1),
(801,3),
(801,2),
(802,3),
(802,4),
(802,1),
(803,3),
(803,4),
(803,2),
(804,3),
(804,4),
(805,3),
(805,1),
(805,2),
(806,3),
(806,4),
(806,1),
(807,1),
(807,2),
(808,2),
(809,3),
(809,1),
(810,4),
(810,1),
(810,2),
(811,4),
(811,2),
(812,2),
(813,2),
(814,4),
(815,4),
(816,3),
(817,3),
(817,4),
(817,1),
(817,2),
(818,4),
(818,2),
(819,3),
(819,1),
(820,4),
(820,2),
(821,3),
(821,1),
(822,2),
(823,4),
(823,2),
(824,1),
(824,2),
(825,1),
(825,2),
(826,4),
(826,2),
(827,3),
(827,4),
(827,1),
(827,2),
(828,3),
(828,1),
(828,2),
(829,4),
(829,1),
(830,4),
(830,1),
(831,4),
(831,2),
(832,3),
(832,4),
(832,1),
(832,2),
(833,3),
(833,4),
(833,1),
(833,2),
(834,3),
(834,4),
(834,1),
(834,2),
(835,3),
(835,4),
(835,1),
(835,2),
(836,4),
(836,1),
(836,2),
(837,4),
(837,2),
(838,3),
(838,1),
(839,1),
(839,2),
(840,4),
(840,1),
(840,2),
(841,4),
(842,3),
(842,4),
(842,1),
(842,2),
(843,4),
(843,1),
(844,3),
(844,4),
(844,1),
(844,2),
(845,1),
(845,2),
(846,4),
(846,1),
(846,2),
(847,4),
(848,3),
(849,3),
(849,4),
(849,2),
(850,3),
(850,2),
(851,4),
(851,2),
(852,3),
(852,4),
(852,1),
(853,4),
(853,1),
(854,3),
(854,2),
(855,3),
(855,2),
(856,4),
(857,4),
(857,1),
(857,2),
(858,3),
(859,3),
(859,4),
(859,2),
(860,1),
(861,4),
(862,1),
(862,2),
(863,3),
(863,2),
(864,4),
(864,2),
(865,2),
(866,4),
(866,2),
(867,3),
(867,4),
(867,2),
(868,4),
(868,2),
(869,3),
(870,3),
(870,4),
(871,1),
(871,2),
(872,1),
(873,3),
(873,4),
(873,1),
(873,2),
(874,3),
(874,4),
(875,4),
(875,1),
(875,2),
(876,3),
(877,4),
(877,1),
(878,3),
(878,1),
(878,2),
(879,4),
(880,3),
(880,4),
(880,1),
(880,2),
(881,4),
(881,1),
(882,3),
(882,4),
(883,4),
(883,2),
(884,3),
(884,1),
(884,2),
(885,3),
(886,1),
(886,2),
(887,1),
(887,2),
(888,2),
(889,1),
(890,3),
(890,2),
(891,4),
(892,3),
(892,4),
(892,1),
(892,2),
(893,2),
(894,2),
(895,4),
(896,4),
(896,1),
(896,2),
(897,3),
(897,4),
(898,1),
(899,4),
(899,2),
(900,2),
(901,3),
(901,4),
(901,2),
(902,3),
(902,1),
(902,2),
(903,3),
(903,4),
(904,3),
(904,1),
(905,3),
(906,1),
(907,3),
(908,4),
(908,2),
(909,3),
(909,4),
(909,1),
(909,2),
(910,3),
(910,1),
(910,2),
(911,4),
(911,1),
(912,4),
(912,1),
(913,1),
(913,2),
(914,3),
(914,4),
(914,2),
(915,3),
(915,4),
(916,4),
(916,2),
(917,4),
(917,1),
(917,2),
(918,3),
(918,4),
(918,1),
(919,3),
(919,4),
(919,1),
(920,1),
(920,2),
(921,3),
(921,4),
(921,2),
(922,4),
(923,4),
(923,1),
(924,3),
(924,4),
(924,2),
(925,3),
(925,1),
(926,3),
(926,1),
(927,3),
(927,2),
(928,4),
(929,3),
(929,4),
(929,2),
(930,4),
(931,3),
(931,2),
(932,4),
(932,1),
(933,3),
(933,4),
(934,1),
(934,2),
(935,3),
(935,4),
(935,1),
(936,3),
(936,4),
(936,2),
(937,4),
(937,1),
(938,2),
(939,4),
(939,2),
(940,3),
(940,2),
(941,4),
(941,1),
(941,2),
(942,1),
(942,2),
(943,3),
(943,4),
(944,3),
(944,2),
(945,1),
(946,4),
(946,1),
(947,4),
(947,1),
(948,4),
(948,2),
(949,3),
(949,4),
(949,1),
(949,2),
(950,4),
(951,4),
(951,2),
(952,1),
(952,2),
(953,3),
(954,3),
(954,4),
(954,1),
(954,2),
(955,3),
(955,2),
(956,4),
(956,1),
(956,2),
(957,1),
(957,2),
(958,3),
(958,4),
(959,4),
(959,2),
(960,4),
(960,2),
(961,4),
(962,3),
(962,1),
(962,2),
(963,3),
(963,1),
(963,2),
(964,2),
(965,4),
(966,3),
(967,3),
(967,4),
(967,1),
(967,2),
(968,3),
(968,2),
(969,3),
(970,4),
(970,1),
(971,4),
(971,1),
(971,2),
(972,3),
(972,1),
(973,1),
(973,2),
(974,3),
(974,4),
(974,1),
(974,2),
(975,3),
(975,4),
(975,2),
(976,4),
(976,1),
(977,1),
(977,2),
(978,1),
(978,2),
(979,4),
(979,2),
(980,4),
(980,1),
(980,2),
(981,2),
(982,1),
(982,2),
(983,2),
(984,4),
(985,4),
(986,3),
(986,4),
(987,3),
(987,4),
(987,1),
(988,3),
(988,4),
(988,2),
(989,4),
(989,1),
(990,3),
(990,2),
(991,1),
(991,2),
(992,3),
(992,4),
(993,3),
(993,2),
(994,1),
(995,3),
(995,4),
(995,1),
(996,3),
(996,2),
(997,3),
(997,2),
(998,1),
(999,3),
(999,1),
(1000,3),
(1000,4),
(1000,2);